README TEXT


Programmer: Daniel Gonzalez #4926400
Date: 09/01/2016

1. Copy TConverter.c file to any diractory
2. In terminal change directory (cd) to the directory where TConverter.c file was copied.
3. Compile program using: gcc TConverter.c -o myprogram.out 
4. execute program : ./myprogram.out

Sample output:

------------------------------------------------------------------------
         Fahrenheit     Celsius     Celsius     Fahrenheit
------------------------------------------------------------------------
            -20.0        -28.9       -20.0         -4.0
            -12.0        -24.4       -12.0         10.4
             -4.0        -20.0        -4.0         24.8
              4.0        -15.6         4.0         39.2
             12.0        -11.1        12.0         53.6
             20.0         -6.7        20.0         68.0
             28.0         -2.2        28.0         82.4
             36.0          2.2        36.0         96.8
             44.0          6.7        44.0        111.2
             52.0         11.1        52.0        125.6
             60.0         15.6        60.0        140.0
             68.0         20.0        68.0        154.4
             76.0         24.4        76.0        168.8
             84.0         28.9        84.0        183.2
             92.0         33.3        92.0        197.6
            100.0         37.8       100.0        212.0
            108.0         42.2       108.0        226.4
            116.0         46.7       116.0        240.8
            124.0         51.1       124.0        255.2
            132.0         55.6       132.0        269.6
            140.0         60.0       140.0        284.0
            148.0         64.4       148.0        298.4
            156.0         68.9       156.0        312.8
            164.0         73.3       164.0        327.2
            172.0         77.8       172.0        341.6
            180.0         82.2       180.0        356.0
            188.0         86.7       188.0        370.4
            196.0         91.1       196.0        384.8
            204.0         95.6       204.0        399.2
            212.0        100.0       212.0        413.6
            220.0        104.4       220.0        428.0
            228.0        108.9       228.0        442.4
            236.0        113.3       236.0        456.8
            244.0        117.8       244.0        471.2
            252.0        122.2       252.0        485.6
            260.0        126.7       260.0        500.0
            268.0        131.1       268.0        514.4
            276.0        135.6       276.0        528.8